28
0
2
36
200
2
150
2
36
200
2
200
0
0
0
0
0
0
0
0
-1
-1
-1
-1
-1
-1
-1
-1
-1
-1
10
30
90
270
810
0
50000
75000
100000
125000
150000
True
銀行
-1
0
国立銀行は地域で利用可能な資本を増やし、民間の富を増加させると同時に企業の建設コストを引き下げる。さらに戦時公債が広く一般に発行できるようになることで、国家資金の調達も安価になる。
False
023;123;
1
1
36
300
2
36
500
2
200
0
0
0
1
3
9
27
81
2
-1
-1
-1
-1
-1
-1
-1
-1
-1
20
60
180
540
1620
50
15000
22500
30000
37500
45000
True
煉瓦工場
3
1500000
煉瓦工場は、ほとんどの建物に必要な建材を生産する。煉瓦作りは、土と水を混ぜて粘土にし、それを踏み固めてから木型に詰めるという地道な工程を要する。乾燥させた煉瓦はその後、窯の中で1週間近くかけて焼き固められる。この単純な生産工程には奴隷労働を利用できる。
False

2
0
0
0
0
0
0
0
0
0
0
-1
-1
-1
-1
-1
-1
-1
-1
-1
-1
0
0
0
0
0
0
0
0
0
0
0
False
鉄橋
0
0

False

3
0
0
0
0
0
0
0
0
0
0
-1
-1
-1
-1
-1
-1
-1
-1
-1
-1
0
0
0
0
0
0
0
0
0
0
0
False
石橋
0
0

False

4
0
0
0
0
0
0
0
0
0
0
-1
-1
-1
-1
-1
-1
-1
-1
-1
-1
0
0
0
0
0
0
0
0
0
0
0
False
木橋
0
0

False

5
0
0
0
0
0
0
0
0
0
0
-1
-1
-1
-1
-1
-1
-1
-1
-1
-1
0
0
0
0
0
0
0
0
0
0
0
False
工場
0
0

False

6
2
36
400
2
60
2
36
700
2
100
2
36
1500
2
550
0
0
1
3
9
27
81
9
13
16
21
37
-1
-1
-1
-1
-1
40
120
360
1080
3240
75
15000
22500
30000
37500
45000
True
農場
2
2500000
農場は、国家とその軍隊を養い、衣服を提供し、移動させるために必要な農作物、家畜、馬を育てる。農業は単純な作業であり、奴隷労働の利用が可能である。肥沃な土地に新たな農場を建設すれば、より大きな生産量が得られる。
False

7
1
36
25
2
36
100
0
50
3
36
300
2
500
0
60
3
36
500
2
900
0
100
0
0
0
0
0
0
-1
-1
-1
-1
-1
-1
-1
-1
-1
-1
2
6
18
54
162
0
25000
37500
50000
62500
75000
False
砦
-1
0

True

8
2
36
300
2
150
3
36
600
2
400
17
40
0
0
0
1
3
9
27
81
3
17
-1
-1
-1
-1
-1
-1
-1
-1
20
60
180
540
1620
20
7500
11250
15000
18750
22500
True
鋳造所
3
2500000
鋳造所は金属鋳物を生産する。金属を溶かして液体にし、型に流し込み、冷えて固まった後に型を取り除くことで金属を成形する。鋳造所は鉄と青銅を生産する。
False

9
2
36
300
2
0
2
36
500
2
100
2
36
1000
2
450
0
0
0
0
0
0
0
-1
-1
-1
-1
-1
-1
-1
-1
-1
-1
20
60
180
540
1620
0
100000
150000
200000
250000
300000
True
病院
-1
0
陸軍病院は、戦闘で負傷した兵士に医療を提供する大規模な施設である。病院は負傷兵の死亡率を低下させ、それによって死傷による支持率の低下を抑える。
False

10
3
36
300
2
450
17
50
3
36
400
2
400
17
50
3
36
1200
2
1200
23
75
0
0
1
3
9
27
81
0
1
29
35
28
-1
-1
-1
-1
-1
30
90
270
810
2430
10
75000
112500
150000
187500
225000
True
製鉄所
3
3750000
製鉄所は、小火器、大砲、弾薬を含む、重量のある鉄鋼製品が作られる工業施設である。製鉄所で作られた鋼は、工場や造船所の生産にも使用される。
False

11
1
36
300
2
36
500
2
200
0
0
0
1
3
9
27
81
36
-1
-1
-1
-1
-1
-1
-1
-1
-1
20
60
180
540
1620
40
15000
22500
30000
37500
45000
True
製材所
3
1750000
製材所は、丸太を建材として使う木材に切り出す施設である。
False

12
2
36
400
2
150
3
36
600
2
600
29
20
3
36
1600
2
3000
23
150
0
0
1
3
9
27
81
4
12
15
20
22
23
25
32
34
-1
20
60
180
540
1620
15
125000
187500
250000
312500
375000
True
工場群
3
4500000
工場は、労働者が製品を製造したり、ある品目を別の品目へと加工する機械を操作したりする産業施設である。工場は、加工食品から織物、機械、そして火薬のような化学製品まで、国民に必要なあらゆるものを大量生産する。
False

13
1
36
200
2
36
300
2
100
2
36
1050
2
600
0
0
0
0
0
0
0
-1
-1
-1
-1
-1
-1
-1
-1
-1
-1
20
60
180
540
1620
20
100000
150000
200000
250000
300000
True
市場
-1
0
市場は輸送能力を高めることで地域経済を改善し、それによってその地域の物資の流れを向上させる。
False

14
1
36
300
2
36
400
2
100
0
0
0
1
3
9
27
81
11
-1
-1
-1
-1
-1
-1
-1
-1
-1
20
60
180
540
1620
50
5000
7500
10000
12500
15000
True
製粉所
2
1625000
製粉所は農作物の種子を挽いて小麦粉にし、パン作りに使用する。小麦粉は市民に販売されるほか、より大きな工場群の一部である大規模な食品加工施設にも供給される。
False

15
1
36
600
3
36
400
2
200
23
20
0
0
0
1
3
9
27
81
5
7
14
18
19
24
27
-1
-1
-1
100
300
900
2700
8100
75
7500
11250
15000
18750
22500
False
鉱山
3
3250000

False

16
2
36
600
2
150
2
36
1000
2
200
2
36
1500
2
500
0
0
1
3
9
27
81
8
26
30
31
-1
-1
-1
-1
-1
-1
150
450
1350
4050
12150
95
20000
30000
40000
50000
60000
True
プランテーション
2
3000000
プランテーションは、綿花、タバコ、砂糖、米といった換金作物の栽培に特化した農業経営地である。アメリカのプランテーションでは奴隷労働が広く用いられている。肥沃度の高い土地に、一つまたは複数の換金作物向けのプランテーションを建設せよ。
False

17
2
36
200
2
150
3
36
500
2
200
17
50
3
36
750
2
500
29
100
3
36
1000
2
750
23
100
0
1
3
9
27
81
10
33
-1
-1
-1
-1
-1
-1
-1
-1
30
90
270
810
2430
30
100000
150000
200000
250000
300000
False
港
3
7500000

False

18
1
36
200
2
36
400
2
500
0
0
0
0
0
0
0
0
-1
-1
-1
-1
-1
-1
-1
-1
-1
-1
10
30
90
270
810
10
75000
112500
150000
187500
225000
True
通信社
-1
0
通信社は記者を雇い、新聞に掲載される記事を執筆させることで、国内の情報の流れを改善する。これには軍の動向に関する情報も含まれ、軍事情報収集の新たな情報源となる。
False

19
1
36
300
1
36
600
0
0
0
0
0
0
0
0
-1
-1
-1
-1
-1
-1
-1
-1
-1
-1
20
60
180
540
1620
0
10000
15000
20000
25000
30000
True
捕虜収容所
-1
0
敵兵を捕らえた場合、現地指揮官は彼らを仮釈放するか、捕虜(P.O.W.)収容所へ送るかを選択できる。仮釈放された兵士は非常に高い頻度で部隊に復帰し、戦闘を続ける。収容所には労働力と物資が必要だが、敵兵が再び戦闘に戻ることを確実に防げる。
False

20
1
36
300
2
36
500
2
100
0
0
0
1
3
9
27
81
27
-1
-1
-1
-1
-1
-1
-1
-1
-1
20
60
180
540
1620
80
7500
11250
15000
18750
22500
True
製塩所
2
1500000
塩は食料の保存や皮革のなめしに必要な重要な物資である。塩のない軍隊は兵を養えないとも言われる。製塩所は海水を蒸発させることで塩を生産し、純粋な塩の採取を可能にする。この単純な製法には奴隷労働を利用できる。
False

21
1
36
200
2
36
200
2
100
2
36
500
2
500
0
0
0
0
0
0
0
-1
-1
-1
-1
-1
-1
-1
-1
-1
-1
10
30
90
270
810
0
150000
225000
300000
375000
450000
True
陸軍士官学校
-1
0
陸軍士官学校は若い士官候補生に戦術を教育する。これにより指揮官としての資質が向上し、戦時の指揮に備えることができる。本国州に陸軍士官学校を持つ全ての将校は、その充実した軍事教育と気風の恩恵を受ける。
False

22
1
36
75
2
36
250
2
100
2
36
400
2
300
0
0
0
0
0
0
0
-1
-1
-1
-1
-1
-1
-1
-1
-1
-1
20
60
180
540
1620
25
100000
150000
200000
250000
300000
True
補給廠
-1
0

True

23
1
36
50
1
36
150
0
0
0
0
0
0
0
0
-1
-1
-1
-1
-1
-1
-1
-1
-1
-1
10
30
90
270
810
0
25000
37500
50000
62500
75000
False
電信局
-1
0

True

24
0
0
0
0
0
0
0
0
0
0
-1
-1
-1
-1
-1
-1
-1
-1
-1
-1
0
0
0
0
0
0
0
0
0
0
0
False
夏営地
-1
0

True

25
1
36
200
0
0
0
0
0
0
0
0
0
-1
-1
-1
-1
-1
-1
-1
-1
-1
-1
0
0
0
0
0
0
0
0
0
0
0
False
冬営地
-1
0

True

26
0
1
36
100
1
36
300
0
0
0
0
0
0
0
-1
-1
-1
-1
-1
-1
-1
-1
-1
-1
0
0
0
0
0
0
0
0
0
0
0
False
塹壕陣地
-1
0

True

27
0
1
36
100
1
36
300
0
0
0
0
0
0
0
-1
-1
-1
-1
-1
-1
-1
-1
-1
-1
0
0
0
0
0
0
0
0
0
0
0
False
攻囲工事
-1
0

True

