38
0
大砲
36
2
1
3
6
0
17
5
0
29
4
-1
0
0
0
0
.0005
0
0
50
-1
.0000001
true
.5
.1
-1
-1
-1
-1
-1
-1
-1
-1
-1
-1
-1
-1
1
大砲弾薬
17
1
1
15
1
0
-1
0
0
-1
0
-1
0
0
0
0
1
0
0
500
-1
.0000001
true
1
.6
-1
-1
-1
-1
-1
-1
-1
-1
-1
-1
-1
-1
2
レンガ
-1
0
0
-1
0
0
-1
0
0
-1
0
-1
0
.0005
0
0
0
0
0
1250
70
.001
false
.3
0
-1
-1
-1
-1
-1
-1
-1
-1
-1
-1
-1
-1
3
青銅
7
2
0
-1
0
0
-1
0
0
-1
0
5
2
.00001
0
0
0
0
0
500
-1
.00005
false
.35
0
-1
-1
-1
-1
-1
-1
-1
-1
-1
-1
-1
-1
4
衣類
32
3
1
20
2
0
-1
0
0
-1
0
-1
0
.0002
0
0
0
0
0
1500
-1
.002
false
.125
0
-1
-1
-1
-1
-1
-1
-1
-1
-1
-1
-1
-1
5
石炭
-1
0
0
-1
0
0
-1
0
0
-1
0
-1
0
.00006
0
0
0
.001
.001
2500
50
.0005
false
.5
0
-1
-1
-1
-1
-1
-1
-1
-1
-1
-1
-1
-1
6
コーヒー
-1
0
0
-1
0
0
-1
0
0
-1
0
-1
0
.00001
.0001
0
0
0
0
1250
70
.0001
false
1
0
1
1
1
1
1
1
1
1
1
1
1
1
7
銅鉱石
-1
0
0
-1
0
0
-1
0
0
-1
0
-1
0
0
0
0
0
0
0
1500
70
.0001
false
1
0
-1
-1
-1
-1
-1
-1
-1
-1
-1
-1
-1
-1
8
綿花
-1
0
0
-1
0
0
-1
0
0
-1
0
-1
0
0
0
0
0
0
0
3500
60
-.005
false
.25
0
0
0
0
0
0
1
1.5
2.5
3
2.5
1.5
0
9
農作物
-1
0
0
-1
0
0
-1
0
0
-1
0
-1
0
.00005
0
0
0
0
0
3750
18
-.0025
false
.6
0
0
0
0
0
0
.5
.5
1
3
4
3
0
10
魚
-1
0
0
-1
0
0
-1
0
0
-1
0
-1
0
.0003
0
0
0
0
0
1250
100
.001
false
.35
0
-1
-1
-1
-1
-1
-1
-1
-1
-1
-1
-1
-1
11
小麦粉
9
3
0
-1
0
0
-1
0
0
-1
0
-1
0
.000015
0
0
0
0
0
625
-1
.0005
false
.6
0
-1
-1
-1
-1
-1
-1
-1
-1
-1
-1
-1
-1
12
食料
11
4
0
26
4
0
21
2
0
10
4
27
1.5
.00006
0
0
0
0
0
750
-1
.0001
false
1.5
0
-1
-1
-1
-1
-1
-1
-1
-1
-1
-1
-1
-1
13
飼料
-1
0
0
-1
0
0
-1
0
0
-1
0
-1
0
.00001
0
.001
.006
0
0
1750
30
.0005
true
1
.4
-1
-1
-1
-1
-1
.5
.5
1
3
4
3
0
14
金
-1
0
0
-1
0
0
-1
0
0
-1
0
-1
0
0
0
0
0
0
0
50
1000
-.00001
false
1
0
-1
-1
-1
-1
-1
-1
-1
-1
-1
-1
-1
-1
15
火薬
24
1
0
-1
0
0
-1
0
0
-1
0
5
2
0
0
0
0
0
0
1750
-1
.0001
false
1
0
-1
-1
-1
-1
-1
-1
-1
-1
-1
-1
-1
-1
16
馬
13
1
0
-1
0
0
-1
0
0
-1
0
-1
0
.00001
0
.001
.006
0
0
1250
-1
.0001
true
.7
.2
-1
-1
-1
-1
-1
-1
-1
-1
-1
-1
-1
-1
17
鉄
18
1
0
-1
0
0
-1
0
0
-1
0
5
2
.000005
0
0
0
0
0
875
-1
.0002
false
3.5
0
-1
-1
-1
-1
-1
-1
-1
-1
-1
-1
-1
-1
18
鉄鉱石
-1
0
0
-1
0
0
-1
0
0
-1
0
-1
0
0
0
0
0
0
0
1500
70
.0004
false
1
0
-1
-1
-1
-1
-1
-1
-1
-1
-1
-1
-1
-1
19
鉛
-1
0
0
-1
0
0
-1
0
0
-1
0
-1
0
0
0
0
0
0
0
875
70
.0002
false
2
0
-1
-1
-1
-1
-1
-1
-1
-1
-1
-1
-1
-1
20
皮革
21
1
1
27
1
0
-1
0
0
-1
0
-1
0
.0001
0
0
0
0
0
1750
-1
.001
false
.25
0
-1
-1
-1
-1
-1
-1
-1
-1
-1
-1
-1
-1
21
家畜
13
4
0
-1
0
0
-1
0
0
-1
0
-1
0
.000015
0
0
0
0
0
350
-1
.002
false
1
0
-1
-1
-1
-1
-1
-1
-1
-1
-1
-1
-1
-1
22
機関車
17
8
1
29
2
1
23
2
0
-1
0
-1
0
0
0
0
0
0
0
20
-1
.000000001
false
.025
0
-1
-1
-1
-1
-1
-1
-1
-1
-1
-1
-1
-1
23
機械部品
17
2
0
29
1
0
-1
0
0
-1
0
-1
0
0
0
0
0
0
0
375
-1
.0000001
false
.5
0
-1
-1
-1
-1
-1
-1
-1
-1
-1
-1
-1
-1
24
硝石
-1
0
0
-1
0
0
-1
0
0
-1
0
-1
0
0
0
0
0
0
0
2500
60
.0002
false
.75
0
-1
-1
-1
-1
-1
-1
-1
-1
-1
-1
-1
-1
25
糧食
12
2
1
27
1
1
6
1
0
-1
0
-1
0
0
.0001
0
0
0
0
1250
-1
.002
true
2
1
-1
-1
-1
-1
-1
-1
-1
-1
-1
-1
-1
-1
26
米
-1
0
0
-1
0
0
-1
0
0
-1
0
-1
0
.0001
0
0
0
0
0
1500
60
.001
false
.6
0
0
0
0
0
0
1.5
3
3
3
1.5
0
0
27
塩
-1
0
0
-1
0
0
-1
0
0
-1
0
-1
0
.00002
0
0
0
0
0
2500
60
.003
false
1
0
-1
-1
-1
-1
-1
-1
-1
-1
-1
-1
-1
-1
28
小火器弾薬
19
2
1
15
2
0
-1
0
0
-1
0
-1
0
0
.01
0
0
0
0
1250
-1
.00000005
true
.65
.75
-1
-1
-1
-1
-1
-1
-1
-1
-1
-1
-1
-1
29
鋼鉄
17
2
1
5
1
0
-1
0
0
-1
0
-1
0
.000002
0
0
0
0
0
750
-1
.0002
false
2.5
0
-1
-1
-1
-1
-1
-1
-1
-1
-1
-1
-1
-1
30
砂糖
-1
0
0
-1
0
0
-1
0
0
-1
0
-1
0
.00003
0
0
0
0
0
2500
60
-.0005
false
1
0
2
1.5
1
.5
0
0
0
0
1
1.5
2
2.5
31
タバコ
-1
0
0
-1
0
0
-1
0
0
-1
0
-1
0
.000015
.0001
0
0
0
0
2500
60
-.0025
false
1
0
0
0
0
0
0
1
5
5
1
0
0
0
32
織物
8
3
0
37
4
0
-1
0
0
-1
0
-1
0
.00005
0
0
0
0
0
2000
-1
.0005
false
.65
0
-1
-1
-1
-1
-1
-1
-1
-1
-1
-1
-1
-1
33
輸送船
36
160
1
23
4
0
-1
0
0
-1
0
-1
0
0
0
0
0
0
0
25
-1
.000000001
false
.0015
0
-1
-1
-1
-1
-1
-1
-1
-1
-1
-1
-1
-1
34
軍服
32
2
1
20
1
0
-1
0
0
-1
0
-1
0
0
.0003
0
0
0
0
1250
-1
.0000001
true
.8
.2
-1
-1
-1
-1
-1
-1
-1
-1
-1
-1
-1
-1
35
武器
17
2
1
36
1
0
-1
0
0
-1
0
-1
0
0
.0001
0
0
0
0
1500
-1
.0001
true
1.1
.25
-1
-1
-1
-1
-1
-1
-1
-1
-1
-1
-1
-1
36
木材
-1
0
0
-1
0
0
-1
0
0
-1
0
-1
0
.00003
0
0
0
0
0
2500
50
.002
false
3.5
0
-1
-1
-1
-1
-1
-1
-1
-1
-1
-1
-1
-1
37
羊毛
13
1
0
-1
0
0
-1
0
0
-1
0
-1
0
.000015
0
0
0
0
0
2500
-1
.0005
false
.75
0
-1
-1
-1
-1
-1
-1
-1
-1
-1
-1
-1
-1
-1
 0 
-1
0
0
-1
0
0
-1
0
0
-1
0
-1
0
0
0
0
0
0
0
0
0
0

0
0
0
0
0
0
0
0
0
0
0
0
0
0
