41
0
補給砲艦
-1
true
true
1
1
0
0
24
5.5
60
2
56
1
-1
49
1
-1
-1
0
-1
-1
0
-1
-1
0
-1
4
36
1020
17
200
23
13.2
0
3.32
-1
-1
-1
1
0
0
0
25
102.96
100
43.824
1.32
10
40
0
1
.66
.066
0
false

1
四等汽走艦
-1
true
true
0
1
0
0
37
7
200
5
56
4
-1
58
1
-1
-1
0
-1
-1
0
-1
-1
0
-1
4
36
1300
17
200
23
25.9
0
7.59
-1
-1
-1
1
24
0
0
50
310.8
300
196.581
2.59
8
60
0
1
.431666666666667
4.31666666666667E-02
0
false

2
三等汽走艦
-1
true
true
0
1
0
0
64
6
1000
6
56
6
0
-1
0
-1
-1
0
-1
-1
0
-1
-1
0
-1
4
36
2900
17
200
23
38.4
0
9.84
-1
-1
-1
2
7
0
0
65
614.4
520
377.856
3.84
10
80
0
7
.48
.048
4
false

3
二等汽走艦
-1
true
true
0
1
0
0
77
12
1600
9
56
8
0
59
1
0
-1
0
-1
-1
0
-1
-1
0
-1
4
36
4100
17
200
23
92.4
0
18.24
-1
-1
-1
2
0
0
0
130
1478.4
1040
1685.376
9.24
12
80
0
8
1.155
.1155
8
false

4
スクーナー
-1
true
true
0
0
0
0
33
9
200
3
48
1
0
56
2
0
-1
0
-1
-1
0
-1
-1
0
-1
3
36
1350
17
100
0
5.97
-1
-1
-1
1
2
0
0
35
0
350
177.309
2.97
10
100
0
1
0
0
1
false

5
機走スクーナー
-1
true
true
0
1
0
0
33
9
220
3
48
1
0
56
2
0
-1
0
-1
-1
0
-1
-1
0
-1
4
36
1340
17
200
23
29.7
0
5.97
-1
-1
-1
1
0
0
0
35
475.2
280
177.309
2.97
10
80
0
2
.37125
.037125
2
false

6
軍用スループ
-1
false
true
0
0
0
.5
61
10
1400
9
56
4
-1
58
1
-1
59
1
-1
49
3
-1
-1
0
-1
3
36
3715
17
170
0
15.1
-1
-1
-1
2
6
7
8
285
0
2850
921.1
6.1
12
100
0
9
0
0
3
false

7
汽走スループ
-1
false
true
0
1
0
.5
61
10
1500
7
54
2
-1
56
4
-1
59
1
-1
-1
0
-1
-1
0
-1
4
36
3862.5
17
275
23
61
0
13.1
-1
-1
-1
2
7
8
0
335
976
2680
799.1
6.1
11
80
0
12
.7625
.07625
4
false

8
舷側式装甲艦
-1
false
true
1
1
0
3
64
11
1000
6
52
4
-1
64
2
-1
-1
0
-1
-1
0
-1
-1
0
-1
4
36
2750
17
500
23
70.4
0
13.04
-1
-1
-1
3
0
0
0
165
830.72
990
918.016
7.04
7
60
2
17
2.34666666666667
.234666666666667
5
true
0;1;
9
ダブルエンダー
-1
true
true
0
1
0
0
66
11
1200
8
64
2
-1
52
2
-1
58
2
-1
50
2
-1
-1
0
-1
4
36
3300
17
200
23
72.6
0
15.26
-1
-1
-1
2
0
0
0
300
871.2
1800
1107.876
7.26
10
60
0
13
1.21
.121
6
false

10
フリゲート
-1
false
true
0
0
0
.5
54
15
1870
50
56
42
-1
51
8
-1
-1
0
-1
-1
0
-1
-1
0
-1
3
36
4643.25
17
193.5
0
58.1
-1
-1
-1
2
10
11
0
500
0
5000
4706.1
8.1
12
100
0
10
0
0
7
false

11
汽走フリゲート
-1
false
true
0
1
0
.5
84
12
3200
40
51
14
0
52
24
0
53
2
0
-1
0
-1
-1
0
-1
4
36
7220
17
360
23
100.8
0
50.08
-1
-1
-1
3
12
13
0
600
1612.8
4800
5048.064
10.08
9
80
0
15
1.26
.126
8
false

12
外輪フリゲート
-1
false
true
0
1
0
.5
78
14
2500
15
65
2
-1
52
12
-1
58
1
-1
-1
0
-1
-1
0
-1
4
36
5837.5
17
325
23
109.2
0
25.92
-1
-1
-1
3
0
0
0
500
1747.2
4000
2830.464
10.92
10
80
0
14
1.365
.1365
9
false

13
装甲フリゲート
-1
false
true
0
2
0
4
78
17
5000
18
54
14
-1
65
2
-1
62
2
-1
-1
0
-1
-1
0
-1
4
36
9850
17
2300
23
265.2
0
31.26
-1
-1
-1
3
15
0
0
550
3182.4
3300
4145.076
13.26
7
60
0
18
4.42
.442
10
true
0;1;
14
ケースメート式装甲衝角艦
-1
false
true
1
2
0
3
84
15.5
4100
10
61
2
-1
60
2
-1
52
6
-1
-1
0
-1
-1
0
-1
4
36
8435
17
1530
23
260.4
0
23.02
-1
-1
-1
3
14
0
0
300
1536.36
900
2997.204
13.02
5
30
3
19
13.02
1.302
11
true
0;1;
15
外洋ケースメート式装甲艦
-1
false
true
0
2
2
4
115
22
7000
12
55
4
2
54
8
-1
-1
0
-1
-1
0
-1
-1
0
-1
4
36
13450
17
3100
23
606
0
37.3
-1
-1
-1
4
0
0
0
600
8096
4800
9436.9
25.3
14.5
80
1
22
6.325
.6325
12
true
0;1;
16
装甲軍艦
-1
false
true
1
1
3
8
80.3
15.5
6400
6
55
2
1
54
2
1
65
2
1
-1
0
-1
-1
0
-1
4
36
11140
17
5320
23
274.465
0
18.4465
-1
-1
-1
4
0
0
0
350
1966.547
2800
2295.9436225
12.4465
8.5
80
0
24
3.111625
.3111625
13
true
0;1;
17
砲塔式装甲艦
2
false
true
0
2
2
4.5
68
13
2800
4
52
4
2
-1
0
-1
-1
0
-1
-1
0
-1
-1
0
-1
4
36
5820
17
1560
23
276.8
0
12.84
-1
-1
-1
4
0
0
0
150
2828.8
1200
1135.056
8.84
10
80
1
23
2.21
.221
14
true
0;1;
18
外洋装甲衝角艦
3
false
true
0
2
2
4
59
10
1350
3
53
1
1
61
2
1
-1
0
-1
-1
0
-1
-1
0
-1
4
36
3280
17
840
23
218
0
8.9
-1
-1
-1
4
0
0
0
130
1888
1040
525.1
5.9
10.5
80
3
21
1.475
.1475
15
true
0;1;
19
モニター型装甲艦
-1
true
true
1
1
1
7
54.6
12.6
1000
2
54
2
1
-1
0
-1
-1
0
-1
-1
0
-1
-1
0
-1
4
36
2550
17
900
23
118.796
0
8.8796
-1
-1
-1
3
0
0
0
59
261.4248
118
610.8809616
6.8796
6
20
0
20
6.8796
.68796
16
true
0;1;
20
戦列艦
-1
false
true
0
0
0
.5
60
16
2600
74
56
74
-1
-1
0
-1
-1
0
-1
-1
0
-1
-1
0
-1
3
36
6085
17
230
0
83.6
-1
-1
-1
2
0
0
0
800
0
8000
8025.6
9.6
12
100
0
11
0
0
17
false
0;1;
21
外輪汽走砲艦
-1
true
false
1
1
0
0
55
11
400
2
56
2
-1
-1
0
-1
-1
0
-1
-1
0
-1
-1
0
-1
4
36
1700
17
200
23
60.5
0
8.05
-1
-1
-1
1
21
22
25
60
471.9
240
487.025
6.05
8
40
0
3
3.025
.3025
18
false

22
木甲砲艦
-1
true
false
1
1
0
.5
55
11
450
6
51
4
-1
56
2
-1
-1
0
-1
-1
0
-1
-1
0
-1
4
36
1788.75
17
222.5
23
60.5
0
12.05
-1
-1
-1
1
22
25
0
80
471.9
320
729.025
6.05
7
40
0
5
3.025
.3025
19
false
0;1;
23
薄鉄甲砲艦
-1
true
false
1
1
0
1.5
55
11
470
6
51
6
-1
-1
0
-1
-1
0
-1
-1
0
-1
-1
0
-1
4
36
1804.75
17
270.5
23
60.5
0
12.05
-1
-1
-1
1
25
0
0
120
471.9
480
729.025
6.05
5
40
0
6
3.025
.3025
20
false
0;1;
24
綿甲衝角艦
-1
true
true
1
1
0
1
55
11
500
3
56
2
-1
58
1
-1
-1
0
-1
-1
0
-1
-1
0
-1
5
8
250
36
1875
17
250
23
60.5
0
9.05
-1
-1
-1
1
0
0
0
90
471.9
360
547.525
6.05
8
40
1
4
3.025
.3025
21
false
0;1;
25
装甲河用砲艦
-1
true
false
1
2
0
2.5
62
22
640
17
52
2
0
62
2
0
61
4
0
60
8
0
49
1
0
4
36
2050
17
460
23
272.8
0
30.64
-1
-1
-1
2
0
0
0
175
2155.12
700
4179.296
13.64
5.5
40
0
7
10.23
1.023
22
true
0;1;
26
装甲砲艦
-1
true
true
1
1
0
2.5
53
16
500
13
56
6
-1
51
3
-1
61
3
-1
49
1
-1
-1
0
-1
4
36
1837.5
17
325
23
84.8
0
21.48
-1
-1
-1
2
0
0
0
250
661.44
1000
1821.504
8.48
4
40
0
16
4.24
.424
23
true
0;1;
27
河用モニター艦
-1
true
false
1
2
2
6
78
16
3500
4
55
4
2
-1
0
-1
-1
0
-1
-1
0
-1
-1
0
-1
4
36
6800
17
2400
23
349.6
0
16.48
-1
-1
-1
3
0
0
0
150
1472.64
450
2056.704
12.48
7
30
0
8
12.48
1.248
24
false
0;1;
28
装甲衝角砲艦
-1
true
true
1
2
0
2
50
11
800
10
51
4
-1
60
4
-1
56
2
-1
-1
0
-1
-1
0
-1
5
8
350
36
2370
17
460
23
110
0
15.5
-1
-1
-1
2
0
0
0
230
649
690
852.5
5.5
7
30
3
9
5.5
.55
25
true
0;1;
29
帆走スパーデッキ・コルベット
-1
false
true
0
0
0
.5
44
12
1100
30
82
30
-1
-1
0
-1
-1
0
-1
-1
0
-1
-1
0
-1
3
36
3122.5
17
155
0
35.28
-1
-1
-1
2
0
0
0
230
0
2300
1862.784
5.28
12
100
0
10
0
0
3
false
0;1;
30
装甲戦列艦
3
false
true
0
1
0
4.7
78
17
5600
36
82
36
-1
-1
0
-1
-1
0
-1
-1
0
-1
-1
0
-1
4
36
10784
17
2832
23
132.6
0
49.26
-1
-1
-1
4
0
0
0
570
2121.6
4560
6531.876
13.26
13
80
0
25
1.6575
.16575
5
true
0;1;
31
改造スクリューフリゲート
-1
false
true
0
1
0
.5
78
15
3600
34
82
34
-1
-1
0
-1
-1
0
-1
-1
0
-1
-1
0
-1
4
36
8010
17
380
23
117
0
45.7
-1
-1
-1
4
0
0
0
470
1872
3760
5346.9
11.7
12
80
0
15
1.4625
.14625
8
false
0;1;
32
スクリュー式スパーデッキ・コルベット
-1
false
true
0
1
0
.5
64
11
1900
16
59
14
-1
52
2
-1
-1
0
-1
-1
0
-1
-1
0
-1
4
36
4652.5
17
295
23
70.4
0
23.04
-1
-1
-1
3
0
0
0
250
1126.4
2000
1622.016
7.04
12
80
0
13
.88
.088
8
false
0;1;
33
高速スクリュー戦列艦
-1
false
true
0
1
0
.5
71
17
5100
80
59
58
-1
52
8
-1
82
14
-1
-1
0
-1
-1
0
-1
4
36
10972.5
17
455
23
120.7
0
92.07
-1
-1
-1
3
0
0
0
910
1931.2
7280
11112.849
12.07
12
80
0
20
1.50875
.150875
8
false
0;1;
34
スクリュー・スクーナー
-1
false
true
0
1
0
0
33
9
630
2
63
2
-1
-1
0
-1
-1
0
-1
-1
0
-1
-1
0
-1
4
36
2160
17
200
23
29.7
0
4.97
-1
-1
-1
2
0
0
0
110
475.2
880
147.609
2.97
12
80
0
2
.37125
.037125
2
false
0;1;
35
スクリュー戦列艦
-1
false
true
0
1
0
.5
73
17
5500
92
56
90
-1
57
2
-1
-1
0
-1
-1
0
-1
-1
0
-1
4
36
11762.5
17
475
23
124.1
0
104.41
-1
-1
-1
3
0
0
0
830
1985.6
6640
12957.281
12.41
12
80
0
20
1.55125
.155125
8
false
0;1;
36
ウォーリア級
2
false
true
0
1
0
4.5
128
18
9150
40
57
26
-1
64
10
-1
61
4
-1
-1
0
-1
-1
0
-1
4
36
17141.25
17
4317.5
23
230.4
0
63.04
-1
-1
-1
4
0
0
0
700
3686.4
5600
14524.416
23.04
14
80
0
25
2.88
.288
8
true
0;1;
37
汽走コルベット
-1
false
true
0
1
0
.5
69
12
2100
21
51
20
-1
57
1
-1
-1
0
-1
-1
0
-1
-1
0
-1
4
36
5047.5
17
305
23
82.8
0
29.28
-1
-1
-1
2
0
0
0
260
1324.8
2080
2424.384
8.28
10
80
0
10
1.035
.1035
4
false
0;1;
38
砲艦
-1
true
true
0
1
0
.5
48
8.5
690
5
54
1
-1
50
2
-1
58
2
-1
-1
0
-1
-1
0
-1
4
36
2262.75
17
234.5
23
40.8
0
9.08
-1
-1
-1
1
0
0
0
115
652.8
920
370.464
4.08
10
80
0
7
.51
.051
4
false
1;
39
バーク型帆船
-1
false
true
0
0
0
0
41
9.5
550
6
56
6
-1
-1
0
-1
-1
0
-1
-1
0
-1
-1
0
-1
3
36
2050
17
100
0
9.895
-1
-1
-1
1
0
0
0
85
0
850
385.41025
3.895
10
100
0
2
0
0
1
false

40
ブリッグ
-1
false
true
0
0
0
0
30
7.5
260
12
56
12
-1
-1
0
-1
-1
0
-1
-1
0
-1
-1
0
-1
3
36
1470
17
100
0
14.25
-1
-1
-1
1
0
0
0
100
0
1000
320.625
2.25
11
100
0
3
0
0
1
false

